Test set 1
tmp contents:
17 -66 -57 -38 -49
77 -17 -41 45 66
55 40 -79 -78 7
41 -32 10 -84 48
57 44 -60 -39 -11


executing type tmp | python lab08/task4.py
¬водите матрицу построчно, раздел€€ числа пробелом.
ƒл€ оконцани€ ввода введите пустую строку
|     17    |   -66    |   -57    |   -38    |   -49    |
|     77    |   -17    |   -41    |    45    |    66    |
|     55    |    40    |   -79    |   -78    |    7     |
|     41    |   -32    |    10    |   -84    |    48    |
|     57    |    44    |   -60    |   -39    |   -11    |



|    -57    |   -66    |    17    |   -38    |   -49    |
|    -41    |   -17    |    77    |    45    |    66    |
|    -79    |    40    |    55    |   -78    |    7     |
|     10    |   -32    |    41    |   -84    |    48    |
|    -60    |    44    |    57    |   -39    |   -11    |




Test set 2
tmp contents:
-97 -21 -3 -42 -27
85 53 93 70 -90
-81 75 -91 27 -64
27 -5 -65 -63 -22
-96 -61 -21 -52 -36


executing type tmp | python lab08/task4.py
¬водите матрицу построчно, раздел€€ числа пробелом.
ƒл€ оконцани€ ввода введите пустую строку
|    -97    |   -21    |    -3    |   -42    |   -27    |
|     85    |    53    |    93    |    70    |   -90    |
|    -81    |    75    |   -91    |    27    |   -64    |
|     27    |    -5    |   -65    |   -63    |   -22    |
|    -96    |   -61    |   -21    |   -52    |   -36    |



|    -97    |   -27    |    -3    |   -42    |   -21    |
|     85    |   -90    |    93    |    70    |    53    |
|    -81    |   -64    |   -91    |    27    |    75    |
|     27    |   -22    |   -65    |   -63    |    -5    |
|    -96    |   -36    |   -21    |   -52    |   -61    |




Test set 3
tmp contents:
60 -25 82 95 -82
-54 46 40 64 -68
-46 -85 -66 -29 -56
45 -38 32 95 -7
26 67 -100 46 39


executing type tmp | python lab08/task4.py
¬водите матрицу построчно, раздел€€ числа пробелом.
ƒл€ оконцани€ ввода введите пустую строку
|     60    |   -25    |    82    |    95    |   -82    |
|    -54    |    46    |    40    |    64    |   -68    |
|    -46    |   -85    |   -66    |   -29    |   -56    |
|     45    |   -38    |    32    |    95    |    -7    |
|     26    |    67    |   -100   |    46    |    39    |



|     60    |   -25    |    82    |   -82    |    95    |
|    -54    |    46    |    40    |   -68    |    64    |
|    -46    |   -85    |   -66    |   -56    |   -29    |
|     45    |   -38    |    32    |    -7    |    95    |
|     26    |    67    |   -100   |    39    |    46    |




Test set 4
tmp contents:
68 -16 25 51 -70
95 42 38 -4 -41
-5 -68 3 -52 -42
-46 5 16 75 -98
-16 15 49 66 28


executing type tmp | python lab08/task4.py
¬водите матрицу построчно, раздел€€ числа пробелом.
ƒл€ оконцани€ ввода введите пустую строку
|     68    |   -16    |    25    |    51    |   -70    |
|     95    |    42    |    38    |    -4    |   -41    |
|     -5    |   -68    |    3     |   -52    |   -42    |
|    -46    |    5     |    16    |    75    |   -98    |
|    -16    |    15    |    49    |    66    |    28    |



|     68    |   -16    |    25    |   -70    |    51    |
|     95    |    42    |    38    |   -41    |    -4    |
|     -5    |   -68    |    3     |   -42    |   -52    |
|    -46    |    5     |    16    |   -98    |    75    |
|    -16    |    15    |    49    |    28    |    66    |




Test set 5
tmp contents:
-54 50 -30 75 55
81 24 72 18 10
90 66 8 -57 -79
-58 -15 24 -20 25
-73 -6 41 -93 99


executing type tmp | python lab08/task4.py
¬водите матрицу построчно, раздел€€ числа пробелом.
ƒл€ оконцани€ ввода введите пустую строку
|    -54    |    50    |   -30    |    75    |    55    |
|     81    |    24    |    72    |    18    |    10    |
|     90    |    66    |    8     |   -57    |   -79    |
|    -58    |   -15    |    24    |   -20    |    25    |
|    -73    |    -6    |    41    |   -93    |    99    |



|    -54    |    75    |   -30    |    50    |    55    |
|     81    |    18    |    72    |    24    |    10    |
|     90    |   -57    |    8     |    66    |   -79    |
|    -58    |   -20    |    24    |   -15    |    25    |
|    -73    |   -93    |    41    |    -6    |    99    |




Test set 6
tmp contents:
17 -30 -79 30 83
-31 -51 37 -74 -83
-10 -73 60 -12 100
-1 72 -10 -62 -54
-75 -1 67 95 91


executing type tmp | python lab08/task4.py
¬водите матрицу построчно, раздел€€ числа пробелом.
ƒл€ оконцани€ ввода введите пустую строку
|     17    |   -30    |   -79    |    30    |    83    |
|    -31    |   -51    |    37    |   -74    |   -83    |
|    -10    |   -73    |    60    |   -12    |   100    |
|     -1    |    72    |   -10    |   -62    |   -54    |
|    -75    |    -1    |    67    |    95    |    91    |



|     83    |   -30    |   -79    |    30    |    17    |
|    -83    |   -51    |    37    |   -74    |   -31    |
|    100    |   -73    |    60    |   -12    |   -10    |
|    -54    |    72    |   -10    |   -62    |    -1    |
|     91    |    -1    |    67    |    95    |   -75    |




Test set 7
tmp contents:
77 8 40 29 -78
95 14 -61 -83 64
44 -43 -85 -50 -36
-97 11 -89 -64 -74
67 -53 -33 71 27


executing type tmp | python lab08/task4.py
¬водите матрицу построчно, раздел€€ числа пробелом.
ƒл€ оконцани€ ввода введите пустую строку
|     77    |    8     |    40    |    29    |   -78    |
|     95    |    14    |   -61    |   -83    |    64    |
|     44    |   -43    |   -85    |   -50    |   -36    |
|    -97    |    11    |   -89    |   -64    |   -74    |
|     67    |   -53    |   -33    |    71    |    27    |



|     40    |    8     |    77    |    29    |   -78    |
|    -61    |    14    |    95    |   -83    |    64    |
|    -85    |   -43    |    44    |   -50    |   -36    |
|    -89    |    11    |   -97    |   -64    |   -74    |
|    -33    |   -53    |    67    |    71    |    27    |




Test set 8
tmp contents:
-32 -42 -35 62 92
49 -69 -82 87 50
7 69 45 -51 -100
-7 -26 14 -61 16
-75 75 -46 64 -97


executing type tmp | python lab08/task4.py
¬водите матрицу построчно, раздел€€ числа пробелом.
ƒл€ оконцани€ ввода введите пустую строку
|    -32    |   -42    |   -35    |    62    |    92    |
|     49    |   -69    |   -82    |    87    |    50    |
|     7     |    69    |    45    |   -51    |   -100   |
|     -7    |   -26    |    14    |   -61    |    16    |
|    -75    |    75    |   -46    |    64    |   -97    |



|    -32    |   -42    |    62    |   -35    |    92    |
|     49    |   -69    |    87    |   -82    |    50    |
|     7     |    69    |   -51    |    45    |   -100   |
|     -7    |   -26    |   -61    |    14    |    16    |
|    -75    |    75    |    64    |   -46    |   -97    |




Test set 9
tmp contents:
-97 42 88 -4 -88
42 13 -94 12 -24
19 -53 -36 -5 12
74 69 96 -19 58
-100 51 -24 -12 23


executing type tmp | python lab08/task4.py
¬водите матрицу построчно, раздел€€ числа пробелом.
ƒл€ оконцани€ ввода введите пустую строку
|    -97    |    42    |    88    |    -4    |   -88    |
|     42    |    13    |   -94    |    12    |   -24    |
|     19    |   -53    |   -36    |    -5    |    12    |
|     74    |    69    |    96    |   -19    |    58    |
|    -100   |    51    |   -24    |   -12    |    23    |



|     42    |   -97    |    88    |    -4    |   -88    |
|     13    |    42    |   -94    |    12    |   -24    |
|    -53    |    19    |   -36    |    -5    |    12    |
|     69    |    74    |    96    |   -19    |    58    |
|     51    |   -100   |   -24    |   -12    |    23    |




Test set 10
tmp contents:
82 73 -53 -79 -68
-56 -96 71 30 -98
-7 0 5 32 36
-93 71 -38 71 -21
94 37 -94 -79 78


executing type tmp | python lab08/task4.py
¬водите матрицу построчно, раздел€€ числа пробелом.
ƒл€ оконцани€ ввода введите пустую строку
|     82    |    73    |   -53    |   -79    |   -68    |
|    -56    |   -96    |    71    |    30    |   -98    |
|     -7    |    0     |    5     |    32    |    36    |
|    -93    |    71    |   -38    |    71    |   -21    |
|     94    |    37    |   -94    |   -79    |    78    |



|     82    |   -53    |    73    |   -79    |   -68    |
|    -56    |    71    |   -96    |    30    |   -98    |
|     -7    |    5     |    0     |    32    |    36    |
|    -93    |   -38    |    71    |    71    |   -21    |
|     94    |   -94    |    37    |   -79    |    78    |




executing del tmp
