Test set 1
tmp contents:
50 -49 -29 69 -64
61 -73 64 86 30
-94 -23 -60 45 -25
98 78 -66 49 25
-61 52 46 -7 94


executing cat tmp | python3 lab08/task6.py
Вводите матрицу построчно, разделяя числа пробелом.
Матрица должна быть квадратной.
|     50    |   -49    |   -29    |    69    |   -64    |
|     61    |   -73    |    64    |    86    |    30    |
|    -94    |   -23    |   -60    |    45    |   -25    |
|     98    |    78    |   -66    |    49    |    25    |
|    -61    |    52    |    46    |    -7    |    94    |



|     50    |    61    |   -94    |    98    |   -61    |
|    -49    |   -73    |   -23    |    78    |    52    |
|    -29    |    64    |   -60    |   -66    |    46    |
|     69    |    86    |    45    |    49    |    -7    |
|    -64    |    30    |   -25    |    25    |    94    |




Test set 2
tmp contents:
-69 1 -40 -76 -52
-29 5 50 -28 57
98 -19 -78 98 68
49 -49 -4 -6 22
4 -14 -46 -15 50


executing cat tmp | python3 lab08/task6.py
Вводите матрицу построчно, разделяя числа пробелом.
Матрица должна быть квадратной.
|    -69    |    1     |   -40    |   -76    |   -52    |
|    -29    |    5     |    50    |   -28    |    57    |
|     98    |   -19    |   -78    |    98    |    68    |
|     49    |   -49    |    -4    |    -6    |    22    |
|     4     |   -14    |   -46    |   -15    |    50    |



|    -69    |   -29    |    98    |    49    |    4     |
|     1     |    5     |   -19    |   -49    |   -14    |
|    -40    |    50    |   -78    |    -4    |   -46    |
|    -76    |   -28    |    98    |    -6    |   -15    |
|    -52    |    57    |    68    |    22    |    50    |




Test set 3
tmp contents:
-76 94 -97 8 -11
78 -42 -3 -12 -85
68 -50 -2 -22 -44
21 26 -29 -50 84
-13 -37 16 -43 -26


executing cat tmp | python3 lab08/task6.py
Вводите матрицу построчно, разделяя числа пробелом.
Матрица должна быть квадратной.
|    -76    |    94    |   -97    |    8     |   -11    |
|     78    |   -42    |    -3    |   -12    |   -85    |
|     68    |   -50    |    -2    |   -22    |   -44    |
|     21    |    26    |   -29    |   -50    |    84    |
|    -13    |   -37    |    16    |   -43    |   -26    |



|    -76    |    78    |    68    |    21    |   -13    |
|     94    |   -42    |   -50    |    26    |   -37    |
|    -97    |    -3    |    -2    |   -29    |    16    |
|     8     |   -12    |   -22    |   -50    |   -43    |
|    -11    |   -85    |   -44    |    84    |   -26    |




Test set 4
tmp contents:
-24 -95 -63 -53 -5
79 99 -36 -33 6
22 -60 33 36 -9
-2 37 76 89 -91
85 -86 73 -85 -85


executing cat tmp | python3 lab08/task6.py
Вводите матрицу построчно, разделяя числа пробелом.
Матрица должна быть квадратной.
|    -24    |   -95    |   -63    |   -53    |    -5    |
|     79    |    99    |   -36    |   -33    |    6     |
|     22    |   -60    |    33    |    36    |    -9    |
|     -2    |    37    |    76    |    89    |   -91    |
|     85    |   -86    |    73    |   -85    |   -85    |



|    -24    |    79    |    22    |    -2    |    85    |
|    -95    |    99    |   -60    |    37    |   -86    |
|    -63    |   -36    |    33    |    76    |    73    |
|    -53    |   -33    |    36    |    89    |   -85    |
|     -5    |    6     |    -9    |   -91    |   -85    |




Test set 5
tmp contents:
-6 -53 -6 -12 55
89 -97 -45 29 -42
-15 89 72 44 -93
92 9 -67 57 63
31 -1 -56 26 70


executing cat tmp | python3 lab08/task6.py
Вводите матрицу построчно, разделяя числа пробелом.
Матрица должна быть квадратной.
|     -6    |   -53    |    -6    |   -12    |    55    |
|     89    |   -97    |   -45    |    29    |   -42    |
|    -15    |    89    |    72    |    44    |   -93    |
|     92    |    9     |   -67    |    57    |    63    |
|     31    |    -1    |   -56    |    26    |    70    |



|     -6    |    89    |   -15    |    92    |    31    |
|    -53    |   -97    |    89    |    9     |    -1    |
|     -6    |   -45    |    72    |   -67    |   -56    |
|    -12    |    29    |    44    |    57    |    26    |
|     55    |   -42    |   -93    |    63    |    70    |




Test set 6
tmp contents:
-88 9 -23 46 60
-39 -32 0 -98 63
-45 81 -44 73 -33
50 14 27 -87 53
69 -98 -14 -2 88


executing cat tmp | python3 lab08/task6.py
Вводите матрицу построчно, разделяя числа пробелом.
Матрица должна быть квадратной.
|    -88    |    9     |   -23    |    46    |    60    |
|    -39    |   -32    |    0     |   -98    |    63    |
|    -45    |    81    |   -44    |    73    |   -33    |
|     50    |    14    |    27    |   -87    |    53    |
|     69    |   -98    |   -14    |    -2    |    88    |



|    -88    |   -39    |   -45    |    50    |    69    |
|     9     |   -32    |    81    |    14    |   -98    |
|    -23    |    0     |   -44    |    27    |   -14    |
|     46    |   -98    |    73    |   -87    |    -2    |
|     60    |    63    |   -33    |    53    |    88    |




Test set 7
tmp contents:
-57 1 92 -50 6
-91 -74 -28 76 -33
4 96 22 -91 81
-9 75 4 96 27
-100 -38 -38 -94 19


executing cat tmp | python3 lab08/task6.py
Вводите матрицу построчно, разделяя числа пробелом.
Матрица должна быть квадратной.
|    -57    |    1     |    92    |   -50    |    6     |
|    -91    |   -74    |   -28    |    76    |   -33    |
|     4     |    96    |    22    |   -91    |    81    |
|     -9    |    75    |    4     |    96    |    27    |
|    -100   |   -38    |   -38    |   -94    |    19    |



|    -57    |   -91    |    4     |    -9    |   -100   |
|     1     |   -74    |    96    |    75    |   -38    |
|     92    |   -28    |    22    |    4     |   -38    |
|    -50    |    76    |   -91    |    96    |   -94    |
|     6     |   -33    |    81    |    27    |    19    |




Test set 8
tmp contents:
-72 43 -47 92 67
-87 45 38 31 -41
79 -79 -12 -64 22
-37 12 -47 -51 36
36 -25 58 4 -73


executing cat tmp | python3 lab08/task6.py
Вводите матрицу построчно, разделяя числа пробелом.
Матрица должна быть квадратной.
|    -72    |    43    |   -47    |    92    |    67    |
|    -87    |    45    |    38    |    31    |   -41    |
|     79    |   -79    |   -12    |   -64    |    22    |
|    -37    |    12    |   -47    |   -51    |    36    |
|     36    |   -25    |    58    |    4     |   -73    |



|    -72    |   -87    |    79    |   -37    |    36    |
|     43    |    45    |   -79    |    12    |   -25    |
|    -47    |    38    |   -12    |   -47    |    58    |
|     92    |    31    |   -64    |   -51    |    4     |
|     67    |   -41    |    22    |    36    |   -73    |




Test set 9
tmp contents:
84 40 99 32 26
-63 -65 -87 10 -24
94 -43 79 86 1
62 92 55 33 57
-65 -99 0 -16 -32


executing cat tmp | python3 lab08/task6.py
Вводите матрицу построчно, разделяя числа пробелом.
Матрица должна быть квадратной.
|     84    |    40    |    99    |    32    |    26    |
|    -63    |   -65    |   -87    |    10    |   -24    |
|     94    |   -43    |    79    |    86    |    1     |
|     62    |    92    |    55    |    33    |    57    |
|    -65    |   -99    |    0     |   -16    |   -32    |



|     84    |   -63    |    94    |    62    |   -65    |
|     40    |   -65    |   -43    |    92    |   -99    |
|     99    |   -87    |    79    |    55    |    0     |
|     32    |    10    |    86    |    33    |   -16    |
|     26    |   -24    |    1     |    57    |   -32    |




Test set 10
tmp contents:
-95 -37 39 -18 -15
-14 -62 -27 45 14
25 26 14 84 -44
59 14 -45 -97 -19
-21 6 31 -21 45


executing cat tmp | python3 lab08/task6.py
Вводите матрицу построчно, разделяя числа пробелом.
Матрица должна быть квадратной.
|    -95    |   -37    |    39    |   -18    |   -15    |
|    -14    |   -62    |   -27    |    45    |    14    |
|     25    |    26    |    14    |    84    |   -44    |
|     59    |    14    |   -45    |   -97    |   -19    |
|    -21    |    6     |    31    |   -21    |    45    |



|    -95    |   -14    |    25    |    59    |   -21    |
|    -37    |   -62    |    26    |    14    |    6     |
|     39    |   -27    |    14    |   -45    |    31    |
|    -18    |    45    |    84    |   -97    |   -21    |
|    -15    |    14    |   -44    |   -19    |    45    |




executing rm tmp
