Test set 1
tmp contents:
-98 -85 85 -62 -47 -13 80 -38
-46 -22 -86 -9 77 16 -28 -75
-25 39 -81 -91 5 46 -61 -66
-97 42 36 7 -35 37 87 68
-81 69 -15 50 48 20 25 80
-87 -71 -17 -19 41 -60 -89 -38
57 -69 50 -60 -12 -100 -16 68
-1 -44 -85 20 38 -53 62 -54


executing cat tmp | python3 lab08/task4.py
Вводите матрицу построчно, разделяя числа пробелом.
Для оконцания ввода введите пустую строку
|    -98    |   -85    |    85    |   -62    |   -47    |   -13    |    80    |   -38    |
|    -46    |   -22    |   -86    |    -9    |    77    |    16    |   -28    |   -75    |
|    -25    |    39    |   -81    |   -91    |    5     |    46    |   -61    |   -66    |
|    -97    |    42    |    36    |    7     |   -35    |    37    |    87    |    68    |
|    -81    |    69    |   -15    |    50    |    48    |    20    |    25    |    80    |
|    -87    |   -71    |   -17    |   -19    |    41    |   -60    |   -89    |   -38    |
|     57    |   -69    |    50    |   -60    |   -12    |   -100   |   -16    |    68    |
|     -1    |   -44    |   -85    |    20    |    38    |   -53    |    62    |   -54    |



|    -47    |   -85    |    85    |   -62    |   -98    |   -13    |    80    |   -38    |
|     77    |   -22    |   -86    |    -9    |   -46    |    16    |   -28    |   -75    |
|     5     |    39    |   -81    |   -91    |   -25    |    46    |   -61    |   -66    |
|    -35    |    42    |    36    |    7     |   -97    |    37    |    87    |    68    |
|     48    |    69    |   -15    |    50    |   -81    |    20    |    25    |    80    |
|     41    |   -71    |   -17    |   -19    |   -87    |   -60    |   -89    |   -38    |
|    -12    |   -69    |    50    |   -60    |    57    |   -100   |   -16    |    68    |
|     38    |   -44    |   -85    |    20    |    -1    |   -53    |    62    |   -54    |




Test set 2
tmp contents:
13
99
21


executing cat tmp | python3 lab08/task4.py
Вводите матрицу построчно, разделяя числа пробелом.
Для оконцания ввода введите пустую строку
|     13    |
|     99    |
|     21    |



|     13    |
|     99    |
|     21    |




Test set 3
tmp contents:
-23 96 48 52 62 -22 -78
-72 -96 -6 77 50 -14 -65
20 -45 -50 -72 -5 -15 -28


executing cat tmp | python3 lab08/task4.py
Вводите матрицу построчно, разделяя числа пробелом.
Для оконцания ввода введите пустую строку
|    -23    |    96    |    48    |    52    |    62    |   -22    |   -78    |
|    -72    |   -96    |    -6    |    77    |    50    |   -14    |   -65    |
|     20    |   -45    |   -50    |   -72    |    -5    |   -15    |   -28    |



|    -23    |    96    |    48    |    52    |   -78    |   -22    |    62    |
|    -72    |   -96    |    -6    |    77    |   -65    |   -14    |    50    |
|     20    |   -45    |   -50    |   -72    |   -28    |   -15    |    -5    |




Test set 4
tmp contents:
40 22 -89 -18 -85 36 -5 -25 -82
-29 -25 2 21 -78 24 76 -100 -3
25 -76 -72 99 -6 0 -90 -66 63
86 72 32 98 65 93 99 46 -68
-78 -38 0 -20 51 43 -66 -1 -81
35 -20 81 42 39 -88 70 -50 45
43 52 99 15 22 -78 -46 -2 -12


executing cat tmp | python3 lab08/task4.py
Вводите матрицу построчно, разделяя числа пробелом.
Для оконцания ввода введите пустую строку
|     40    |    22    |   -89    |   -18    |   -85    |    36    |    -5    |   -25    |   -82    |
|    -29    |   -25    |    2     |    21    |   -78    |    24    |    76    |   -100   |    -3    |
|     25    |   -76    |   -72    |    99    |    -6    |    0     |   -90    |   -66    |    63    |
|     86    |    72    |    32    |    98    |    65    |    93    |    99    |    46    |   -68    |
|    -78    |   -38    |    0     |   -20    |    51    |    43    |   -66    |    -1    |   -81    |
|     35    |   -20    |    81    |    42    |    39    |   -88    |    70    |   -50    |    45    |
|     43    |    52    |    99    |    15    |    22    |   -78    |   -46    |    -2    |   -12    |



|     40    |    22    |   -89    |   -25    |   -85    |    36    |    -5    |   -18    |   -82    |
|    -29    |   -25    |    2     |   -100   |   -78    |    24    |    76    |    21    |    -3    |
|     25    |   -76    |   -72    |   -66    |    -6    |    0     |   -90    |    99    |    63    |
|     86    |    72    |    32    |    46    |    65    |    93    |    99    |    98    |   -68    |
|    -78    |   -38    |    0     |    -1    |    51    |    43    |   -66    |   -20    |   -81    |
|     35    |   -20    |    81    |   -50    |    39    |   -88    |    70    |    42    |    45    |
|     43    |    52    |    99    |    -2    |    22    |   -78    |   -46    |    15    |   -12    |




Test set 5
tmp contents:
-70 50 -64 -51 66 -18 31 -76 36
79 -43 -68 -69 8 -6 38 -34 -51
42 49 -39 -67 -76 32 63 -13 62
-8 100 -92 87 -90 -91 14 54 -41
-81 -41 -7 79 -63 -29 -35 10 70


executing cat tmp | python3 lab08/task4.py
Вводите матрицу построчно, разделяя числа пробелом.
Для оконцания ввода введите пустую строку
|    -70    |    50    |   -64    |   -51    |    66    |   -18    |    31    |   -76    |    36    |
|     79    |   -43    |   -68    |   -69    |    8     |    -6    |    38    |   -34    |   -51    |
|     42    |    49    |   -39    |   -67    |   -76    |    32    |    63    |   -13    |    62    |
|     -8    |   100    |   -92    |    87    |   -90    |   -91    |    14    |    54    |   -41    |
|    -81    |   -41    |    -7    |    79    |   -63    |   -29    |   -35    |    10    |    70    |



|    -70    |   -64    |    50    |   -51    |    66    |   -18    |    31    |   -76    |    36    |
|     79    |   -68    |   -43    |   -69    |    8     |    -6    |    38    |   -34    |   -51    |
|     42    |   -39    |    49    |   -67    |   -76    |    32    |    63    |   -13    |    62    |
|     -8    |   -92    |   100    |    87    |   -90    |   -91    |    14    |    54    |   -41    |
|    -81    |    -7    |   -41    |    79    |   -63    |   -29    |   -35    |    10    |    70    |




Test set 6
tmp contents:
-68 64 -21 90 19 96 -33 79 -61
-98 31 18 12 49 -11 -99 89 21
96 -15 -79 10 28 -14 34 29 -23
-84 -60 25 21 32 -40 13 77 -88
-69 84 -76 -86 -94 -84 -56 52 -28
-3 -25 -79 28 0 58 -68 -100 -23
-22 -68 97 -56 -94 75 53 -60 -62
95 0 -12 -25 -27 82 13 -15 41
-12 -79 -31 -65 -33 28 58 37 51
-22 -96 -59 -85 77 -97 -5 47 33


executing cat tmp | python3 lab08/task4.py
Вводите матрицу построчно, разделяя числа пробелом.
Для оконцания ввода введите пустую строку
|    -68    |    64    |   -21    |    90    |    19    |    96    |   -33    |    79    |   -61    |
|    -98    |    31    |    18    |    12    |    49    |   -11    |   -99    |    89    |    21    |
|     96    |   -15    |   -79    |    10    |    28    |   -14    |    34    |    29    |   -23    |
|    -84    |   -60    |    25    |    21    |    32    |   -40    |    13    |    77    |   -88    |
|    -69    |    84    |   -76    |   -86    |   -94    |   -84    |   -56    |    52    |   -28    |
|     -3    |   -25    |   -79    |    28    |    0     |    58    |   -68    |   -100   |   -23    |
|    -22    |   -68    |    97    |   -56    |   -94    |    75    |    53    |   -60    |   -62    |
|     95    |    0     |   -12    |   -25    |   -27    |    82    |    13    |   -15    |    41    |
|    -12    |   -79    |   -31    |   -65    |   -33    |    28    |    58    |    37    |    51    |
|    -22    |   -96    |   -59    |   -85    |    77    |   -97    |    -5    |    47    |    33    |



|    -68    |    64    |    79    |    90    |    19    |    96    |   -33    |   -21    |   -61    |
|    -98    |    31    |    89    |    12    |    49    |   -11    |   -99    |    18    |    21    |
|     96    |   -15    |    29    |    10    |    28    |   -14    |    34    |   -79    |   -23    |
|    -84    |   -60    |    77    |    21    |    32    |   -40    |    13    |    25    |   -88    |
|    -69    |    84    |    52    |   -86    |   -94    |   -84    |   -56    |   -76    |   -28    |
|     -3    |   -25    |   -100   |    28    |    0     |    58    |   -68    |   -79    |   -23    |
|    -22    |   -68    |   -60    |   -56    |   -94    |    75    |    53    |    97    |   -62    |
|     95    |    0     |   -15    |   -25    |   -27    |    82    |    13    |   -12    |    41    |
|    -12    |   -79    |    37    |   -65    |   -33    |    28    |    58    |   -31    |    51    |
|    -22    |   -96    |    47    |   -85    |    77    |   -97    |    -5    |   -59    |    33    |




Test set 7
tmp contents:
-69 50 -97
-85 -93 68


executing cat tmp | python3 lab08/task4.py
Вводите матрицу построчно, разделяя числа пробелом.
Для оконцания ввода введите пустую строку
|    -69    |    50    |   -97    |
|    -85    |   -93    |    68    |



|    -97    |    50    |   -69    |
|     68    |   -93    |   -85    |




Test set 8
tmp contents:
67 9 -61 -8 -86 78
-10 70 -58 -22 46 -58
54 83 58 -53 43 32
12 -88 14 17 42 62


executing cat tmp | python3 lab08/task4.py
Вводите матрицу построчно, разделяя числа пробелом.
Для оконцания ввода введите пустую строку
|     67    |    9     |   -61    |    -8    |   -86    |    78    |
|    -10    |    70    |   -58    |   -22    |    46    |   -58    |
|     54    |    83    |    58    |   -53    |    43    |    32    |
|     12    |   -88    |    14    |    17    |    42    |    62    |



|     -8    |    9     |   -61    |    67    |   -86    |    78    |
|    -22    |    70    |   -58    |   -10    |    46    |   -58    |
|    -53    |    83    |    58    |    54    |    43    |    32    |
|     17    |   -88    |    14    |    12    |    42    |    62    |




Test set 9
tmp contents:
68 35 -35


executing cat tmp | python3 lab08/task4.py
Вводите матрицу построчно, разделяя числа пробелом.
Для оконцания ввода введите пустую строку
|     68    |    35    |   -35    |



|    -35    |    35    |    68    |




Test set 10
tmp contents:
-11 39 -6 -98 -16 93 -72 69
23 -20 24 -25 -94 53 -19 -39


executing cat tmp | python3 lab08/task4.py
Вводите матрицу построчно, разделяя числа пробелом.
Для оконцания ввода введите пустую строку
|    -11    |    39    |    -6    |   -98    |   -16    |    93    |   -72    |    69    |
|     23    |   -20    |    24    |   -25    |   -94    |    53    |   -19    |   -39    |



|    -11    |    39    |    -6    |    93    |   -16    |   -98    |   -72    |    69    |
|     23    |   -20    |    24    |    53    |   -94    |   -25    |   -19    |   -39    |




executing rm tmp
